 65535
һ 25235
 21635
 18512
 17607
 16620
 15452
 14741
 13980
 13200
 12839
 9923
 9677
 9137
 8930
 8848
 8719
Ϊ 8595
 8359
 8151
 8019
 7983
 7533
˵ 7238
ʱ 6895
Ҫ 6709
 6379
 6248
 6079
 5982
Ҳ 5876
 5834
 5821
 5642
 5504
 5371
 5300
 5282
 5217
 5216
 5181
 5139
 5060
֮ 5038
 4979
 4880
 4739
 4722
 4490
 4449
 4430
 4423
 4400
 4327
Ȼ 4228
 4217
 4164
 4129
 4128
 4076
 3985
 3982
ô 3954
ȥ 3940
 3862
ѧ 3841
 3715
 3636
ͬ 3620
 3590
 3551
û 3542
 3531
 3517
 3515
 3513
 3496
 3474
 3469
 3440
 3410
 3407
С 3400
 3335
 3334
Щ 3314
 3307
 3294
 3293
 3245
 3215
 3211
ǰ 3156
 3119
 3098
 3074
ֻ 3062
 3061
 3051
ʵ 3049
 3009
 2999
 2986
 2980
 2972
 2971
 2864
 2859
 2831
 2819
 2811
ʮ 2804
 2778
 2695
 2636
 2635
 2632
 2627
ʹ 2617
 2589
 2564
 2563
֪ 2535
ȫ 2525
 2517
 2506
 2502
 2489
 2456
ҵ 2450
 2446
 2445
 2437
 2429
 2418
 2417
 2385
 2352
 2347
 2340
 2330
 2326
 2320
Ӧ 2320
ս 2306
 2292
ͷ 2274
 2269
 2265
 2233
 2229
 2227
 2226
 2225
 2224
ʲ 2216
 2213
 2203
 2194
 2158
 2101
 2076
 2075
 2066
 2042
 2016
 2016
˹ 1993
 1990
 1986
 1980
 1979
 1978
 1917
 1914
 1905
 1876
 1859
 1846
 1802
 1779
λ 1779
 1778
 1774
 1760
 1758
 1757
 1743
 1732
ͨ 1730
 1728
 1720
ԭ 1718
 1706
 1705
 1698
 1696
 1677
 1660
Ա 1657
 1656
ˮ 1646
 1642
 1642
 1631
 1607
 1602
 1601
 1601
 1592
 1592
 1588
 1588
 1583
ƽ 1583
ϵ 1578
 1578
 1571
 1571
 1570
 1550
 1544
 1540
Ů 1532
 1532
 1530
 1527
 1526
 1525
 1521
 1517
 1516
 1514
 1509
 1504
 1503
 1501
 1497
Ŀ 1496
̫ 1493
 1489
 1486
 1476
 1475
 1457
 1453
 1452
 1448
 1437
 1431
 1423
 1413
 1405
 1403
ֱ 1402
 1398
 1398
 1393
ɽ 1391
 1389
ָ 1381
 1374
 1374
ͳ 1372
 1363
 1361
 1354
 1348
 1341
 1320
 1320
 1312
 1307
 1298
չ 1297
 1289
 1289
˾ 1285
 1277
 1270
 1258
 1252
 1241
 1233
 1233
 1231
ȴ 1230
 1228
 1224
 1222
 1221
ǿ 1214
 1212
 1202
 1197
 1197
Ȩ 1196
˼ 1196
 1191
 1187
 1184
 1181
ʽ 1177
ɫ 1177
· 1174
 1154
 1151
Ʒ 1146
ס 1146
 1144
 1144
 1144
 1142
 1133
 1133
 1128
 1127
 1126
 1126
 1123
 1113
 1111
ȡ 1110
 1109
 1109
 1102
 1093
 1089
 1084
 1066
ȷ 1063
 1061
ʦ 1060
 1058
 1057
 1048
 1046
Ժ 1044
 1040
ʶ 1036
 1033
 1031
 1030
 1030
 1025
Ц 1017
 1012
 1008
 1004
 1002
 1001
 1000
 998
 997
 996
 996
 993
 991
ÿ 990
 986
 983
 980
 974
 974
 968
 968
 967
 967
 964
Ԫ 964
Ӣ 962
ʿ 958
֤ 957
 955
ʧ 955
ת 952
 950
 948
׼ 942
 941
ʼ 935
 929
 928
 918
δ 914
Զ 914
 911
̨ 905
 905
Ӱ 901
 901
 897
 896
 895
 890
 889
 887
 885
 884
 880
 877
 872
 871
 865
 862
 861
 860
 859
 858
 856
 854
 854
 851
ʯ 845
 844
 835
 834
 834
 833
 830
 830
 826
 823
Լ 821
ʾ 819
 818
 817
Ϣ 815
 814
 813
 812
 810
 809
 805
 804
 802
֧ 801
 797
 797
Խ 792
 790
 790
 786
 786
 783
 777
 776
д 776
 775
 774
 767
 762
 759
 755
Ƭ 750
ʷ 749
ί 747
 746
 745
 744
 743
 742
 739
 739
ũ 732
 730
װ 730
 728
 727
 725
 721
 717
 715
̸ 713
 712
ͼ 712
 711
 710
 710
 708
 704
ҽ 700
 700
ͻ 699
ר 698
 698
 698
 698
 693
 690
 686
ע 686
 685
 685
 684
 684
 684
 684
ѡ 683
 682
 678
 678
 676
 671
 670
 668
 668
ϣ 666
 666
 665
 665
 665
 664
 663
 661
Ͷ 660
ĳ 658
 657
 653
ά 653
 651
 651
 651
 648
 645
 644
 641
̬ 639
 637
 635
 635
 635
 634
 634
 632
Ӫ 632
 632
 631
 630
 630
 629
־ 628
 627
վ 624
 623
 620
 617
 616
 614
 614
Ч 613
 612
ʩ 611
 607
 606
 606
 602
 600
 600
 599
 598
 597
 595
 595
ĸ 592
 590
 589
 585
 584
Ⱥ 583
 583
 580
 579
 577
 577
Χ 577
 576
֯ 575
 575
 575
˫ 575
 574
 572
 572
 571
 571
ɱ 569
 569
 568
 567
 567
 566
 566
 565
 564
ֹ 564
ϸ 562
Ը 562
ǧ 562
ֵ 561
 559
 558
Ǯ 557
 557
 556
 555
 554
 552
 551
 550
 549
 547
 547
 545
 544
ְ 540
 539
 538
 538
 536
 535
 535
ë 534
״ 534
 534
 534
 532
 529
 528
 526
 526
 525
У 523
 523
 523
 519
 518
 517
 516
ӡ 515
 515
 513
 513
 512
 512
 510
Ԥ 509
˭ 509
 504
 504
 503
 503
΢ 501
 501
 500
 498
 498
Ѫ 496
 495
 494
 489
ҩ 489
 488
 487
ҹ 487
ʡ 486
 485
ϲ 484
 484
Դ 481
ʳ 481
 481
 478
 478
½ 476
ϰ 475
 474
 466
 465
 464
 463
 463
 463
 460
 458
 457
 457
 456
ģ 455
 454
 452
 451
ͣ 451
ľ 451
 449
 449
 447
 447
 445
 443
 442
 442
 440
 439
 439
 439
 438
 438
 437
 437
 436
 436
 435
 434
 434
 433
 433
 431
 431
 429
 427
 426
 425
 424
 423
 423
 421
 420
 419
ʹ 418
 418
 417
 416
 415
Э 415
 415
ռ 414
 413
 413
 413
Ƥ 412
 412
ʤ 410
 408
 406
 405
 404
 404
 404
 403
 403
 400
 400
 399
 398
ѹ 398
 397
 396
 395
 395
 394
 394
ִ 394
 394
 393
 392
 390
׷ 390
 390
 390
 390
 388
 388
 386
 386
 385
 383
 380
 379
 378
˰ 378
 377
 377
 376
 375
 375
 374
 372
 370
 369
 369
 369
 368
 368
 367
 367
 365
 365
 365
 365
 363
 362
 362
 361
 359
 358
 357
 356
 356
 355
 355
 355
 354
 354
 354
 354
 354
 353
 353
 352
 352
 352
ŷ 352
 350
 350
Σ 349
æ 348
 347
 347
 346
 346
 346
 346
 343
 341
 341
 341
 340
 340
 340
¶ 339
 339
 337
ζ 337
Ұ 337
 336
 336
ɳ 336
 336
 336
 336
 335
 334
 333
 332
 332
 331
 330
 330
 330
 329
 328
 328
 327
 327
ɢ 326
 326
 325
 323
 323
 323
 322
 320
ǹ 320
ȱ 319
¥ 319
 318
 318
 318
 318
 317
 317
 317
 316
 315
 314
 314
 314
 313
 313
 312
 312
 311
ϯ 311
 311
 311
л 311
³ 310
 309
 309
 308
 308
 305
 305
 305
ʫ 305
 304
 303
 303
Ʊ 302
 302
 301
 301
 301
 301
 300
̽ 300
 299
¼ 299
Ҷ 299
 299
 298
 298
 297
 296
 295
 295
 293
ѽ 293
 293
ͥ 292
 292
 291
 291
 291
 289
 288
˳ 288
 287
ҡ 287
 287
 287
 286
 286
ν 286
 286
 286
 286
 286
 285
 284
 284
 283
 283
Ī 283
 282
 281
 279
 279
ʥ 279
 279
Ѱ 277
 277
˯ 277
 276
 275
 275
 274
ŵ 273
 272
 272
 271
 271
 271
 270
ը 270
 269
 269
 268
 268
 267
 267
 266
 265
 265
 265
 265
԰ 265
ı 264
 263
 263
ץ 263
 262
 262
 261
 261
 261
 260
 260
 260
 259
 258
ѩ 257
 257
 257
 256
ү 256
ƪ 256
 255
 255
 253
 253
 253
 253
 252
 251
̹ 251
ţ 249
 249
ֽ 249
 248
ѵ 248
˽ 246
ׯ 246
 246
˿ 245
 245
 245
ɭ 245
 244
Ĭ 244
 244
Ϸ 244
 243
 243
 242
 241
 241
 241
 240
 240
 240
 239
 239
 239
 239
 238
 237
 237
 236
 235
 235
Ū 234
 234
 232
 232
 231
 231
ӵ 231
ͽ 231
ķ 231
 228
 228
 228
Ȥ 227
 227
 226
 226
ӭ 226
 225
 224
 224
 224
 224
 223
 223
͸ 222
 222
 221
 220
Ŭ 220
 220
 220
 220
; 220
 219
 219
 219
 219
Ѹ 218
 218
ó 217
 217
Ψ 216
 216
 215
 215
 215
 215
 215
 214
 214
 214
 213
 213
 212
ΰ 212
 212
 212
 212
 211
Ǳ 211
 211
 211
 211
 210
 210
 209
 209
 209
 208
 208
 207
ֲ 207
 206
 206
 206
ҳ 206
 206
 205
 205
֣ 205
 205
 204
 204
 204
 204
 204
 203
 203
Ⱦ 203
ʢ 202
ŭ 202
 202
Բ 201
 201
 201
 200
 200
 199
 199
 199
 199
 199
 198
 198
 198
 198
÷ 198
 197
 197
Ħ 196
 196
ĩ 195
 195
 195
 195
 195
 194
Ӳ 194
 193
 193
 192
Ү 192
 192
 191
 191
 190
 190
ħ 189
 189
 189
 189
Υ 189
 188
 188
 188
 187
 186
 186
 186
 186
 185
 185
 184
 184
Ԯ 184
 184
 184
 183
 183
 182
 182
ƫ 181
 181
 181
 180
 180
 180
 178
 175
ǽ 175
Ϯ 175
 175
 174
 174
 174
 174
 174
 174
 174
ð 174
ծ 173
 173
 173
 173
 173
 173
ͯ 173
 172
 172
 172
 172
 172
 171
 171
 170
Ѷ 170
 170
 170
 170
 169
 169
 168
 168
 168
ϴ 168
 168
 168
 167
 167
 167
 167
ǩ 166
 166
 166
 165
֢ 165
 165
 165
 164
 163
 163
 163
 162
 162
 162
 162
 162
 162
 161
 161
 161
Ե 160
 160
 160
 160
 159
 159
 159
 158
β 158
 158
͵ 158
 158
 157
 157
פ 157
 157
 156
 156
 156
 156
 155
 155
 155
 155
 155
̾ 154
 154
 154
 154
 154
 153
 153
 153
 153
ǡ 153
 153
 153
 152
 151
 151
 151
Ļ 151
ӳ 150
 150
̩ 150
 150
 150
 150
 150
 150
 149
 149
 149
 149
 149
 149
 149
 148
 148
 148
 148
 148
 147
 147
 147
 147
 147
 147
 147
 147
 146
 146
 146
 146
 146
 146
 145
 145
 145
 145
 145
 145
 144
 144
 144
ƶ 143
 143
ż 143
 143
 142
 142
 142
Ȧ 142
 142
 141
 140
 140
 140
ͧ 140
 140
 140
 139
 139
 139
 139
 138
 138
 138
 137
 136
 136
 136
̧ 135
 135
 135
 134
 134
 134
 134
 134
 134
 134
 133
 133
 133
 133
¡ 133
 132
ū 132
 131
ɥ 131
 130
 130
 130
 130
 130
ƾ 130
 130
 130
 129
 129
 129
 128
 128
 128
 128
 127
 127
 127
 127
 127
 127
 127
 127
Ϥ 127
 126
 126
 126
׳ 126
 126
 126
ɨ 126
 126
 126
ֳ 126
 125
 125
ì 125
 125
 125
 125
 125
ʣ 125
 124
 124
 124
 124
Һ 124
 124
 124
 124
 123
 123
 123
 123
 123
ü 123
 123
 122
 122
 122
 122
 121
ͦ 121
 121
 120
 120
 120
 120
 120
 120
 120
 120
 119
 119
 119
 119
ȯ 119
 118
 118
 118
 118
 118
 117
 117
 117
 116
֦ 116
 116
ī 116
в 116
 116
 116
 115
 115
 115
 115
 115
 115
ƭ 115
 115
 115
ý 115
 115
 114
 114
 114
 114
ϧ 114
 114
 114
 113
Ծ 113
ʬ 113
 113
 113
ʻ 112
 112
 112
 112
 112
 112
 111
Ʈ 111
ɣ 111
 111
 111
 110
 110
 110
 109
Ƶ 109
 109
ĥ 109
 108
а 108
ײ 107
 107
 107
 107
Ѳ 107
 107
 107
 106
 106
 106
 106
 106
 106
ȼ 106
 105
 105
α 105
 105
 105
 105
 105
 105
Ȱ 105
 104
 104
 104
 104
 104
Ư 104
 104
 103
 103
 103
 103
 103
 102
 102
 102
 102
 101
 101
 101
 101
 100
 100
Ũ 100
 100
 100
 100
 100
 99
 99
 99
 99
 99
ò 99
 99
 99
 99
 99
 98
 98
 98
 98
 98
 98
 98
 98
 98
 98
 98
 98
 97
 97
 97
 97
 97
ѯ 97
 97
 96
 96
 96
 96
 96
 96
 96
͢ 96
 95
 95
 95
Ǩ 95
 95
ο 95
 95
 94
 94
 94
Թ 94
Ь 94
 94
 94
Ȫ 93
ӿ 93
Ͻ 93
 93
 93
 93
 93
κ 93
 93
 93
ף 93
 93
 93
 92
 92
Ի 92
е 92
ҧ 92
 91
 91
 91
 91
 91
 91
 91
 91
Τ 91
 90
 90
 90
 90
 89
è 89
 89
 89
 89
 89
 89
ǣ 89
 88
 88
 88
 88
 88
ּ 88
 88
 88
 88
 88
 87
 87
 87
 87
ɪ 87
 87
 87
ѷ 87
 87
 87
 87
 86
˥ 86
ƿ 86
 86
 86
 86
 86
 86
 86
 86
¬ 85
 85
 85
 85
ң 85
 85
 84
 84
 84
 84
ǳ 84
 84
 84
 84
 84
 84
Ͽ 83
 83
 83
 83
 83
 83
 83
 83
Ϳ 83
 83
 83
 82
 82
ú 82
 81
 81
ʪ 81
ѭ 81
ů 81
 81
 81
 81
 81
ñ 81
 81
 81
̤ 80
 80
Ԭ 80
 80
 80
 80
 80
 80
 79
 79
 79
 79
 79
 79
Ŧ 79
 79
 79
 79
 79
ͭ 78
 78
 78
Ѻ 78
 78
Į 78
ƣ 78
 78
ǲ 78
 78
 78
 77
ȭ 77
 77
б 77
 77
ϡ 77
 77
 77
 77
 77
 76
 76
 76
 76
 76
 76
 76
 76
 76
 76
 76
ҫ 75
Ť 75
̳ 75
 75
 75
 75
 75
 75
 75
 74
 74
 74
Ĺ 74
 74
 74
 74
ƴ 74
 74
׽ 74
 73
ˢ 73
 73
 73
 73
Ъ 73
 73
 73
 72
 72
 72
 72
 72
Ӯ 72
 72
 72
 72
 72
 72
 72
 72
 71
 71
 71
 71
ַ 71
 71
 71
 71
 71
 71
 71
 71
Ω 71
 71
լ 71
 70
 70
 70
 70
 70
 70
 70
 70
 70
 70
 69
 69
 69
 69
 69
̰ 69
 69
 69
 69
 69
 69
 69
 69
 69
 69
ö 69
 69
 69
 69
˧ 69
 68
 68
 68
 68
 68
 68
 68
 68
 68
 67
 67
 67
 67
 67
 67
 67
 67
 67
 67
ƥ 67
 67
 67
 67
 67
Ŷ 67
ǻ 66
 66
 66
 66
 66
 66
 66
 66
 66
 66
 66
 66
 66
ӥ 66
 66
 66
 66
 66
 66
 65
 65
 65
 65
 65
 65
 65
Ѩ 65
 64
׿ 64
 64
 64
Ĥ 64
 64
 64
Ƿ 64
 64
 64
ã 64
 64
Ѧ 64
 63
 63
ԥ 63
θ 63
 63
 63
 63
ʰ 63
 62
 62
Я 62
 62
 62
 62
 62
 62
 62
 62
 62
 62
 61
 61
 61
 61
 61
 61
¯ 61
 61
 61
 61
̥ 61
 60
 60
 60
ι 60
ɵ 60
Ľ 60
 60
 59
 59
 59
 59
 59
 59
 59
Ǭ 59
 59
 59
ͤ 59
Ϧ 59
 59
 58
 58
 58
 58
 58
й 58
 58
 58
ɮ 58
 58
 58
 58
 58
 58
Ф 58
 58
ϼ 57
 57
ԣ 57
 57
 57
ժ 57
 57
 57
 57
 57
 57
 57
 57
 57
 57
 57
 56
 56
η 56
 56
 56
 56
 56
 56
 56
 56
 56
 56
 55
 55
 55
© 55
 55
 55
 55
¹ 55
 55
 55
 55
 55
 55
̲ 55
 55
 55
 55
 54
 54
 54
 54
 54
 54
 54
 54
 54
 54
 54
 53
 53
ä 53
 53
 53
ɶ 53
 53
 53
 53
 53
Ĩ 53
Ͳ 53
 53
 52
 52
 52
 52
 52
 52
 52
 52
 52
 52
 52
 52
 52
 52
 52
 52
 52
 51
 51
 51
 51
ӯ 51
 51
 51
˲ 51
Ӥ 51
Т 51
 51
 51
 51
 50
 50
 50
 50
 50
ɯ 50
ξ 50
 50
 50
 50
 50
 50
 50
Ѽ 50
 49
 49
 49
 49
 49
 49
 49
 49
ɩ 49
 49
 49
̷ 49
 49
 49
ӹ 49
Ǹ 49
֥ 49
 49
 49
 48
̯ 48
 48
 48
 48
 48
 48
 48
 48
 48
 48
 48
 48
 48
н 48
 48
 48
 48
 48
 48
 48
 48
 47
 47
 47
 47
 47
Ƽ 47
 47
׬ 47
 47
 47
 47
 47
 47
 47
 47
 47
 46
Ԩ 46
 46
Ϫ 46
 46
 46
 46
 46
Ԣ 46
 46
 46
ɡ 46
 46
Ų 46
 46
֬ 46
 46
 46
 46
 46
ʨ 46
 45
 45
 45
 45
 45
 45
 45
 45
 45
 45
 45
Ƣ 45
 45
 45
 45
 45
 44
 44
 44
 44
 44
 44
 44
 44
 44
ɧ 44
 44
 44
ճ 44
 44
 44
İ 44
խ 44
 44
 44
 44
 43
ɲ 43
 43
â 43
 43
Ƹ 43
 43
 43
 43
 43
 43
 43
ˣ 43
 43
 43
 43
 43
 43
 43
 42
 42
 42
ˤ 42
 42
 42
 42
 42
 42
 42
 42
 42
׹ 42
ɷ 42
 42
 42
 42
 42
 41
 41
 41
 41
 41
ԡ 41
 41
 41
 41
 41
ƨ 41
 41
 41
 41
 41
׫ 41
Х 41
 41
õ 41
˶ 40
 40
 40
ϥ 40
Ҧ 40
ï 40
 40
 40
Գ 40
կ 40
ˡ 40
 40
 40
 40
 40
 40
 40
 40
 39
 39
 39
 39
 39
 39
 39
 39
 39
ȸ 39
Ѯ 39
 39
˺ 39
֫ 39
¢ 39
 39
 39
é 39
 39
 39
Ҥ 39
 39
 39
ǫ 38
 38
 38
 38
ѫ 38
 38
 38
 38
 38
 38
ש 38
 38
 38
 37
 37
Ķ 37
 37
 37
צ 37
 37
 37
 37
 37
 37
̿ 37
 37
գ 37
 37
 37
£ 37
 37
 37
 37
ˬ 37
 37
 37
» 37
 37
 37
 36
 36
 36
 36
 36
 36
 36
 36
 36
ϱ 36
 36
Ϲ 36
ԩ 36
ѻ 36
 35
 35
 35
 35
մ 35
թ 35
ի 35
 35
 35
 35
 35
 35
 35
Ͱ 35
 35
 35
 35
 35
г 35
 35
 35
϶ 35
 35
 35
 34
 34
 34
ù 34
 34
 34
 34
 34
ɴ 34
ȹ 34
 34
 34
 34
 34
 34
 34
 34
 34
 33
Ʃ 33
 33
 33
 33
 33
 33
 33
 33
 33
 33
 33
 33
 33
 33
׵ 33
 33
 33
 33
 33
 32
 32
 32
ն 32
 32
 32
 32
 32
 32
 32
 32
 32
 32
 32
 32
² 32
 32
« 32
ƻ 32
ж 32
 32
Կ 32
 32
 32
 32
 32
 32
 32
 32
 32
 32
׮ 31
 31
 31
Ȣ 31
ĭ 31
ɤ 31
 31
 31
 31
 31
 31
 31
 31
 31
 31
 31
 31
 31
 31
 31
 31
 31
 31
ӱ 31
 31
м 31
 31
 31
 31
 31
ͺ 31
 31
 31
Ӵ 31
 31
 30
Ǵ 30
 30
 30
 30
 30
٤ 30
ղ 30
 30
 30
 30
 30
 30
о 30
֭ 30
 30
 30
¿ 30
 30
 30
Ӷ 30
 29
µ 29
 29
 29
 29
 29
 29
 29
ɺ 29
 29
 29
 29
 29
 29
 29
 29
 29
 28
 28
 28
 28
 28
 28
 28
 28
 28
 28
 28
 28
 28
 28
 28
 28
 28
 28
 28
ٻ 28
 28
 28
ܰ 28
 28
 28
 28
 27
 27
 27
 27
 27
 27
 27
 27
 27
 27
ҥ 27
į 27
 27
˦ 27
 27
 27
ؤ 27
Ӿ 27
 27
 27
 27
 27
 27
 27
 27
 27
 27
 27
 27
 27
 27
 27
 26
 26
 26
ʴ 26
 26
ܽ 26
 26
 26
ɹ 26
˪ 26
 26
 26
 26
 26
 26
 26
 26
ױ 26
 26
Ǧ 26
 26
 26
 26
 26
 26
 26
 26
Ȯ 26
 26
 26
 26
 26
 26
 26
 25
ļ 25
 25
 25
ª 25
 25
 25
 25
ֶ 25
Ű 25
 25
 25
Ө 25
 25
 25
 25
 25
 25
 25
 25
 25
 25
 25
 25
 25
 25
Ѿ 25
 25
گ 25
ť 25
 24
 24
 24
и 24
 24
 24
 24
 24
 24
 24
 24
γ 24
 24
 24
 24
 24
˸ 24
 24
 24
 24
Ƴ 24
 24
 24
׾ 24
 24
̺ 24
ͩ 24
ɰ 24
ç 24
к 24
ƺ 24
 24
ɼ 24
 24
 24
 24
Ӭ 23
 23
 23
 23
 23
 23
 23
 23
 23
 23
 23
 23
 23
 23
 23
ѿ 23
 23
ڤ 23
̼ 23
 23
 23
 23
 23
 23
 23
 23
 23
 23
̶ 23
 23
 22
 22
 22
 22
 22
ή 22
 22
 22
 22
Ͼ 22
 22
 22
 22
 22
 22
 22
ĺ 22
 22
 22
 22
 22
 22
 22
 22
˻ 22
 22
 22
 22
ɾ 22
ӣ 22
 22
 22
 22
 22
 22
 22
 22
 22
 21
 21
ұ 21
 21
 21
§ 21
ٿ 21
 21
 21
 21
 21
 21
 21
յ 21
 21
֨ 21
 21
 21
 21
 21
 21
ʸ 21
ž 21
 21
 21
 21
Ю 21
 21
 21
 21
ѱ 21
 20
 20
̱ 20
 20
 20
 20
Ƨ 20
 20
 20
զ 20
Ƕ 20
 20
 20
 20
 20
ɬ 20
 20
 20
 20
ڣ 20
 20
 20
 20
߶ 20
 20
 20
Ϻ 20
 20
ơ 20
 20
 20
 20
Է 20
Ĳ 20
Ż 19
 19
͹ 19
Ϩ 19
أ 19
 19
 19
 19
 19
 19
 19
 19
 19
 19
 19
 19
 19
 19
 19
 19
 19
 19
 19
 19
 19
 19
 19
Ʋ 19
 19
 19
 19
 19
 19
 19
 19
 19
 19
 19
 19
 19
 19
 18
 18
ߵ 18
 18
 18
 18
ݺ 18
 18
 18
 18
 18
 18
 18
ѣ 18
 18
 18
 18
 18
է 18
 18
 18
 18
 18
 18
 18
 18
 18
 18
 18
 18
 18
® 18
 18
 18
 18
 18
ܲ 18
 18
 18
 18
 18
 18
˨ 18
 18
 18
 18
 18
 18
 17
 17
 17
 17
ԫ 17
 17
 17
 17
 17
 17
 17
 17
 17
 17
 17
 17
հ 17
­ 17
 17
 17
 17
 17
 17
 17
 17
̭ 17
 17
 17
 17
 17
 17
 17
 17
ſ 17
 17
 17
 16
 16
 16
 16
 16
 16
ع 16
 16
 16
 16
 16
 16
 16
 16
 16
դ 16
 16
Ѭ 16
 16
 16
 16
ĵ 16
׺ 16
 16
 16
 16
 16
 16
ġ 16
 16
 16
 16
ֿ 16
 16
 16
 16
 16
 16
 16
 16
 16
 16
 16
 16
 16
 16
 16
 16
 16
 16
 16
Ĵ 16
 16
 16
 16
ո 16
 16
 16
 16
Ǣ 15
 15
 15
 15
֩ 15
̵ 15
 15
 15
 15
 15
з 15
 15
 15
 15
 15
 15
 15
خ 15
 15
ø 15
 15
å 15
ϻ 15
 15
 15
׶ 15
 15
 15
 15
 15
 15
Ƚ 15
 15
 15
 15
 15
 15
 15
 15
 15
ز 15
 15
 15
 15
 15
 15
 15
ɿ 15
 14
 14
 14
 14
ѥ 14
 14
 14
 14
 14
 14
 14
 14
ܿ 14
 14
 14
 14
 14
 14
 14
̦ 14
 14
 14
 14
 14
˷ 14
 14
 14
 14
 14
 14
 14
 14
 14
 14
 14
 14
 14
 14
 14
 14
 14
 14
 14
 14
 14
 14
 14
 14
 14
 14
 14
 14
 14
 14
 14
 14
 14
߯ 14
 14
 14
 14
 14
 14
 14
 14
 13
 13
 13
 13
 13
 13
 13
 13
 13
 13
 13
͡ 13
ֺ 13
 13
 13
 13
 13
 13
˩ 13
 13
 13
 13
ų 13
 13
 13
 13
š 13
 13
١ 13
߳ 13
˴ 13
 13
 13
 13
ۡ 13
 13
ε 13
տ 13
 13
 13
ջ 13
ޱ 13
 13
 13
 13
 13
ߴ 13
 13
 13
Ρ 13
 13
 13
 13
 13
 13
 13
 13
 13
 13
 13
 13
 13
 13
 13
 13
 13
 13
 12
 12
 12
 12
 12
 12
 12
 12
 12
 12
 12
 12
 12
 12
έ 12
 12
 12
ٯ 12
 12
 12
 12
 12
 12
 12
 12
 12
 12
 12
 12
ק 12
 12
 12
 12
ذ 12
 12
 12
 12
 12
 12
 12
 12
 12
 12
 12
 12
Ң 12
 12
 12
 12
 12
 12
¸ 12
 12
 12
 12
 12
 12
 12
 12
 12
 12
բ 12
 12
 12
F 12
 12
 12
 12
 12
 12
 12
 11
 11
 11
 11
 11
 11
 11
 11
 11
 11
 11
 11
 11
ѳ 11
 11
 11
 11
 11
 11
 11
 11
 11
 11
 11
 11
٩ 11
 11
 11
¾ 11
 11
 11
ݼ 11
 11
 11
 11
 11
 11
Ӻ 11
 11
 11
 11
 11
 11
 11
 11
 11
ʺ 11
 11
 11
 11
ة 11
 11
 11
 11
ǯ 11
 11
 11
 11
 11
 11
 11
 11
 11
¤ 11
Ź 11
 11
 11
 11
 11
 11
 11
ͱ 11
 10
 10
ҷ 10
 10
 10
 10
 10
 10
 10
Ÿ 10
 10
 10
 10
 10
ŧ 10
 10
 10
 10
 10
 10
 10
إ 10
 10
 10
 10
 10
ɸ 10
 10
 10
 10
 10
 10
 10
 10
 10
 10
 10
 10
ӫ 10
 10
 10
 10
 10
ڵ 10
 10
 10
ج 10
 10
 10
 10
 10
 10
 10
 10
 10
 10
Ǻ 10
 10
ǵ 10
̴ 10
 10
 10
Ԧ 10
 10
 10
 10
 10
 10
 10
 10
 10
 10
ө 10
 10
 10
 10
 10
 10
 10
 10
 10
 10
 10
 10
 10
 9
ƹ 9
 9
 9
 9
ձ 9
 9
 9
ɦ 9
 9
 9
 9
 9
 9
 9
 9
 9
 9
 9
 9
 9
 9
° 9
ӽ 9
 9
 9
 9
 9
 9
 9
 9
 9
 9
 9
 9
 9
 9
 9
 9
 9
 9
 9
 9
 9
Ϭ 9
 9
 9
 9
 9
 9
ȣ 9
 9
 9
 9
ê 9
 9
 9
 9
 9
Ҿ 9
 9
 9
 9
Ǽ 9
 9
 9
 9
 9
 9
̮ 9
 9
 9
 9
 9
 9
 9
 9
 9
 9
ȵ 9
 9
 9
Ģ 9
غ 9
 9
 9
 9
п 9
 9
շ 9
 9
 9
 9
 9
 9
 9
 9
 9
 9
 9
 9
 9
 9
 9
 9
ߺ 9
 9
 9
 9
 9
 9
 8
Φ 8
ٲ 8
 8
 8
 8
֡ 8
 8
 8
̻ 8
 8
 8
 8
 8
 8
 8
 8
׸ 8
 8
 8
 8
 8
 8
 8
 8
 8
´ 8
 8
 8
 8
 8
 8
 8
 8
 8
 8
Ҹ 8
 8
 8
 8
 8
 8
 8
 8
 8
 8
 8
 8
ٹ 8
 8
 8
 8
 8
 8
 8
 8
 8
 8
t 8
 8
 8
Ȭ 8
ؽ 8
μ 8
 8
 8
 8
 8
 8
 8
 8
 8
 8
 8
 8
 8
 8
 8
 8
 8
 8
 8
 8
 8
 8
 8
 8
 8
 8
ެ 8
 8
 8
 8
 8
 8
 8
 8
 8
 8
 8
ե 8
 8
 8
 8
 8
 8
 7
 7
 7
 7
 7
 7
 7
 7
 7
 7
 7
٪ 7
 7
 7
 7
̣ 7
ڨ 7
 7
 7
 7
ڹ 7
 7
 7
 7
ڭ 7
 7
 7
 7
 7
 7
 7
 7
 7
 7
 7
 7
˱ 7
 7
 7
 7
 7
 7
 7
 7
 7
 7
 7
 7
Ѥ 7
 7
 7
 7
 7
 7
 7
 7
 7
 7
 7
 7
 7
 7
 7
 7
 7
 7
 7
 7
 7
 7
ͫ 7
ˎ 7
ư 7
} 7
 7
 7
 7
 7
 7
 7
 7
 7
 7
 7
± 7
ا 7
 7
 7
 7
 7
 7
 7
 7
 7
 7
 7
Ѵ 7
 7
 7
 7
 7
 7
 7
 7
 7
 7
 7
 7
 7
 7
 7
ۼ 7
 7
 7
 7
 7
 7
 7
 7
 7
 7
 6
 6
 6
 6
 6
 6
 6
 6
 6
 6
 6
 6
 6
 6
 6
 6
 6
 6
 6
 6
 6
 6
 6
 6
 6
 6
 6
 6
 6
 6
 6
 6
 6
 6
 6
 6
 6
 6
 6
 6
 6
 6
 6
߬ 6
 6
 6
 6
ԯ 6
 6
 6
 6
 6
 6
 6
 6
 6
 6
 6
 6
 6
 6
 6
Ш 6
 6
 6
 6
 6
 6
 6
 6
 6
 6
 6
 6
 6
 6
 6
ڼ 6
 6
Ҵ 6
 6
 6
ԧ 6
 6
 6
 6
 6
 6
 6
 6
ب 6
 6
 6
 6
 6
 6
 6
 6
 6
 6
ӻ 6
 6
 6
 6
 6
 6
 6
 6
 6
 6
 6
 6
 6
 6
 6
 6
 6
 6
 6
 6
 6
ͪ 6
 6
 6
 6
 6
ٺ 6
 6
 6
 6
 6
 6
ګ 6
 6
 6
 6
ź 6
 6
 6
] 6
á 6
 6
î 6
 6
 6
Ы 6
ݱ 6
 6
Ҭ 6
 6
 6
 6
Ţ 6
ߣ 6
 6
 6
 6
Ǿ 6
 6
ȳ 6
պ 6
 6
 6
 6
 6
 5
 5
 5
 5
 5
 5
 5
 5
 5
 5
 5
 5
ҭ 5
 5
 5
 5
 5
 5
ھ 5
 5
 5
 5
 5
 5
 5
Ӽ 5
 5
 5
 5
ڶ 5
 5
 5
 5
ط 5
 5
 5
ټ 5
 5
 5
 5
ǭ 5
 5
 5
 5
ٮ 5
 5
 5
 5
 5
 5
 5
 5
 5
 5
 5
 5
 5
 5
 5
 5
 5
 5
 5
¨ 5
ʭ 5
 5
 5
 5
 5
 5
 5
 5
 5
 5
þ 5
 5
 5
 5
׻ 5
 5
 5
 5
 5
 5
 5
 5
 5
 5
 5
 5
 5
 5
 5
ޥ 5
 5
 5
 5
 5
 5
 5
 5
 5
ݥ 5
¦ 5
 5
 5
޹ 5
 5
 5
 5
 5
 5
 5
 5
 5
 5
 5
 5
Ѣ 5
 5
 5
 5
 5
 5
 5
 5
ͮ 5
ݮ 5
 5
 5
 5
 5
 5
 5
 5
 5
 5
 5
 5
 5
 5
ئ 5
 5
 5
Ʀ 5
 5
 5
 5
 5
 5
 5
 5
 5
 5
 5
 5
 5
 5
 5
 5
 5
 5
 5
 5
 5
 5
 5
 5
 5
 5
 5
 5
 5
 5
 5
 5
 5
 5
 5
 5
 5
 5
 5
 5
 5
 5
 5
ӧ 5
 5
 5
 5
 5
 5
 5
 5
 5
 5
 5
 5
 5
 5
 5
ޣ 5
 5
ű 5
 5
@ 4
 4
 4
 4
 4
 4
 4
 4
 4
 4
 4
 4
 4
 4
 4
 4
 4
 4
 4
 4
 4
 4
 4
 4
 4
 4
 4
 4
 4
 4
 4
ϫ 4
޺ 4
 4
 4
 4
 4
 4
 4
 4
 4
 4
 4
 4
 4
 4
 4
 4
 4
 4
 4
 4
 4
Ŵ 4
 4
 4
 4
 4
 4
 4
 4
 4
 4
 4
 4
 4
 4
 4
 4
 4
 4
 4
 4
 4
 4
 4
 4
 4
 4
 4
 4
 4
 4
 4
 4
 4
 4
 4
 4
 4
 4
 4
 4
 4
 4
 4
 4
 4
 4
׭ 4
 4
 4
 4
 4
ݡ 4
ݸ 4
 4
 4
º 4
ۤ 4
߮ 4
 4
 4
 4
 4
 4
 4
 4
 4
 4
^ 4
 4
ϩ 4
 4
 4
 4
v 4
 4
 4
 4
 4
 4
 4
 4
ާ 4
 4
 4
 4
 4
 4
 4
 4
 4
 4
 4
 4
 4
Ҩ 4
 4
 4
 4
 4
 4
 4
 4
 4
 4
 4
 4
 4
 4
 4
 4
 4
 4
 4
 4
 4
 4
 4
 4
 4
 4
 4
 4
 4
 4
 4
 4
 4
 4
 4
 4
 4
 4
 4
 4
 4
 4
 4
t 4
 4
 4
 4
 4
 4
 4
ڱ 4
 4
 4
ص 4
 4
 4
ٵ 4
 4
 4
 4
 4
 4
ߡ 4
 4
 4
 4
 4
 4
 4
 4
 4
 4
 4
 4
 4
 4
 4
 4
ȶ 4
ٸ 4
 4
 4
 4
 4
 4
 4
 4
 4
 4
 4
 4
 4
 4
 4
 4
 4
 4
 4
 4
 4
 4
 4
 4
 3
 3
 3
ݣ 3
 3
 3
 3
 3
w 3
 3
 3
 3
 3
 3
 3
 3
 3
 3
 3
 3
 3
 3
̡ 3
 3
 3
 3
 3
ݷ 3
 3
 3
 3
 3
 3
 3
ӷ 3
 3
 3
 3
 3
 3
 3
 3
۶ 3
 3
ں 3
 3
 3
 3
 3
٣ 3
 3
 3
 3
 3
 3
 3
 3
 3
 3
ڮ 3
ۻ 3
 3
 3
 3
 3
߽ 3
 3
 3
 3
 3
 3
 3
ߪ 3
 3
 3
 3
 3
c 3
 3
 3
 3
 3
 3
ڿ 3
 3
 3
 3
 3
 3
 3
 3
ա 3
 3
 3
 3
ݦ 3
 3
ٱ 3
 3
 3
 3
ڡ 3
 3
 3
 3
̢ 3
 3
 3
 3
 3
 3
 3
 3
 3
 3
 3
 3
 3
 3
 3
 3
 3
 3
 3
 3
 3
 3
 3
 3
 3
 3
 3
 3
 3
 3
 3
 3
 3
 3
 3
 3
 3
 3
 3
 3
 3
 3
 3
 3
ۣ 3
ݶ 3
޼ 3
 3
 3
 3
 3
 3
 3
 3
 3
 3
 3
 3
 3
٢ 3
 3
ڷ 3
ҕ 3
 3
 3
 3
 3
 3
 3
 3
 3
 3
ܣ 3
 3
 3
 3
 3
 3
 3
 3
 3
 3
 3
ȧ 3
 3
 3
 3
 3
 3
 3
 3
 3
 3
 3
 3
 3
 3
 3
 3
 3
 3
 3
 3
ڽ 3
 3
 3
 3
 3
ظ 3
 3
 3
 3
 3
ɻ 3
 3
 3
 3
 3
 3
ڻ 3
 3
 3
 3
 3
 3
 3
 3
 3
 3
 3
 3
 3
 3
 3
 3
 3
 3
 3
ٳ 3
 3
 3
 3
Ҽ 3
 3
f 3
 3
 3
 3
 3
 3
 3
 3
 3
 3
 3
 3
 3
 3
ܵ 3
 3
 3
 3
 3
 3
 3
 3
 3
 3
 3
I 3
س 3
 3
 3
 3
 3
 3
 3
 3
 3
ϭ 3
 3
 3
 3
 3
 3
 3
] 3
 3
 3
 3
 3
 3
 3
 3
 3
 3
 3
 3
 3
 3
 3
 3
 3
 3
 3
 3
 3
ߢ 3
 3
 3
 3
 3
 3
 3
 3
 3
 3
 3
޲ 3
 3
 3
 3
 3
 3
 3
 3
 3
 2
 2
 2
 2
 2
 2
 2
 2
 2
 2
 2
 2
 2
 2
۫ 2
 2
 2
 2
 2
 2
 2
 2
 2
 2
 2
 2
߱ 2
 2
 2
 2
 2
 2
 2
ک 2
 2
 2
 2
 2
Ϋ 2
 2
 2
 2
 2
 2
 2
 2
 2
 2
 2
ϳ 2
ҿ 2
 2
 2
 2
 2
 2
ȩ 2
 2
 2
 2
 2
 2
 2
 2
 2
 2
 2
 2
 2
 2
 2
 2
 2
 2
 2
 2
 2
 2
 2
 2
 2
 2
 2
 2
 2
 2
 2
 2
 2
 2
 2
 2
 2
 2
 2
 2
 2
j 2
޴ 2
 2
 2
 2
 2
ݰ 2
 2
 2
 2
ڸ 2
 2
 2
 2
 2
 2
 2
 2
| 2
 2
 2
 2
 2
 2
 2
 2
 2
ؾ 2
 2
 2
 2
 2
 2
 2
 2
 2
 2
 2
 2
 2
 2
 2
 2
 2
g 2
 2
 2
 2
 2
S 2
 2
 2
 2
 2
 2
 2
̓ 2
 2
 2
 2
 2
 2
 2
 2
 2
 2
Ž 2
 2
 2
 2
 2
N 2
׃ 2
@ 2
 2
 2
 2
 2
 2
 2
 2
 2
 2
 2
 2
ٶ 2
 2
 2
 2
 2
 2
 2
 2
 2
ܸ 2
 2
 2
 2
 2
L 2
 2
 2
 2
ڲ 2
 2
 2
 2
 2
 2
 2
 2
 2
 2
 2
 2
 2
Ӹ 2
 2
 2
 2
 2
 2
 2
 2
 2
 2
 2
 2
a 2
O 2
ۺ 2
 2
 2
 2
 2
 2
Ȳ 2
 2
 2
 2
 2
 2
 2
 2
 2
Y 2
 2
ٽ 2
ڴ 2
 2
 2
 2
 2
 2
 2
 2
 2
 2
 2
 2
R 2
 2
 2
 2
 2
 2
 2
 2
 2
 2
 2
 2
 2
 2
 2
 2
 2
f 2
ۿ 2
 2
 2
 2
 2
 2
 2
 2
 2
 2
 2
 2
 2
 2
 2
 2
 2
 2
 2
 2
 2
 2
 2
 2
 2
 2
_ 2
 2
 2
 2
 2
 2
 2
Ҋ 2
ȿ 2
 2
 2
 2
 2
 2
 2
 2
 2
 2
 2
 2
 2
 2
߀ 2
 2
 2
 2
o 2
 2
 2
 2
 2
ۮ 2
^ 2
 2
 2
 2
 2
 2
 2
ڬ 2
 2
 2
 2
 2
 2
 2
 2
 2
 2
 2
 2
 2
 2
 2
 2
 2
 2
 2
 2
c 2
 2
 2
 2
 2
 2
 2
 2
} 2
۾ 2
 2
 2
 2
 2
ܶ 2
 2
 2
 2
 2
ܺ 2
 2
 2
 2
 2
 2
 2
۪ 2
 2
 2
 2
 2
 2
 2
 2
 2
 2
 2
 2
 2
ܹ 2
߾ 2
 2
 2
 2
 2
 2
 2
 2
 2
 2
 2
 2
 2
 2
 2
 2
 2
 2
 2
ܼ 2
 2
 2
 2
 2
٬ 2
 2
 2
 2
 2
 2
 2
c 2
 2
 2
 2
 2
 2
޽ 2
ض 2
۵ 2
߻ 2
 2
 2
 2
 2
 2
 2
 2
 2
 2
 2
 2
 2
 2
 2
 2
 2
 2
ڦ 2
 2
 2
 2
۷ 2
 2
 2
 2
 2
 2
ڧ 2
 2
 2
 2
 2
 2
 2
 2
߲ 2
 2
 2
 2
 2
 2
 2
 2
P 2
 2
 2
N 2
 2
 2
ڳ 2
۰ 2
 2
 2
 2
 2
ݯ 2
L 2
 2
 2
 2
 2
 2
ݫ 2
ݬ 2
 2
 2
 2
 2
 2
 2
 2
 2
 2
 2
 2
 2
 2
 2
 2
 2
 2
 2
 2
 2
 2
 2
ڪ 2
ؿ 2
۳ 2
 2
 2
 2
 2
 2
 2
ǟ 2
 2
 2
 2
 2
 2
 2
 2
 2
A 2
 2
 2
 2
 2
 2
 2
 2
ܡ 2
 2
 2
 2
 2
 2
 2
 2
 2
 2
 2
 2
 2
߸ 2
 2
 2
 2
 2
 2
 2
 2
 2
 2
 2
 2
 2
ش 2
 2
 2
 2
 2
 2
 2
 2
 2
Z 2
Փ 2
 2
 2
 2
 2
^ 2
 2
ޭ 2
 2
 2
 2
 2
 2
 2
 2
 2
۩ 2
 2
 2
 2
 2
 2
C 2
B 2
ܾ 2
 2
 2
 2
ݵ 2
 2
 2
 2
 2
 2
í 2
ߩ 2
 2
 2
 2
 2
 2
 2
 2
 2
 2
 2
 2
ܥ 2
 2
 2
 2
M 2
ڰ 2
 2
 2
 2
 2
 2
 2
 2
 2
 2
 2
 2
 2
 2
 2
 2
 2
 2
 2
 2
 2
 2
 2
 2
 2
̎ 2
 2
 2
 2
 2
 2
 2
 2
 2
 2
 2
 2
 2
 2
 2
ر 2
 2
 2
 2
 2
 2
 2
 2
 2
 2
 2
٭ 2
\ 2
{ 2
 2
t 2
 2
 2
 2
 2
 2
 2
 2
 2
 2
Ǫ 1
 1
 1
 1
 1
 1
 1
 1
 1
 1
 1
 1
 1
 1
 1
 1
 1
 1
 1
 1
 1
 1
 1
 1
 1
 1
ߦ 1
 1
 1
 1
 1
 1
 1
 1
 1
 1
 1
 1
 1
 1
 1
 1
 1
٥ 1
 1
 1
 1
 1
 1
 1
 1
 1
 1
 1
 1
 1
 1
 1
 1
 1
X 1
 1
 1
 1
 1
 1
 1
 1
 1
 1
 1
ߗ 1
 1
 1
 1
 1
 1
 1
 1
 1
 1
 1
 1
 1
 1
 1
޵ 1
 1
 1
 1
 1
g 1
ۏ 1
 1
 1
 1
 1
 1
 1
 1
 1
 1
 1
 1
 1
 1
 1
 1
 1
 1
 1
 1
 1
 1
 1
 1
 1
 1
 1
 1
 1
 1
 1
 1
 1
 1
 1
۽ 1
[ 1
 1
 1
 1
 1
 1
 1
 1
Q 1
 1
 1
 1
 1
 1
 1
 1
 1
ث 1
 1
 1
۲ 1
 1
 1
 1
 1
 1
 1
 1
 1
 1
ޢ 1
 1
 1
 1
 1
 1
 1
 1
 1
 1
 1
 1
 1
 1
 1
m 1
 1
 1
 1
 1
 1
 1
 1
 1
 1
 1
 1
 1
 1
 1
 1
 1
X 1
ٴ 1
 1
 1
 1
 1
 1
 1
 1
ܷ 1
 1
 1
 1
 1
 1
 1
e 1
Ȅ 1
 1
 1
ݻ 1
޿ 1
 1
 1
 1
W 1
 1
 1
 1
 1
 1
 1
 1
 1
 1
 1
G 1
 1
 1
 1
 1
] 1
 1
 1
ܱ 1
 1
 1
ܴ 1
 1
 1
 1
 1
 1
 1
 1
߰ 1
 1
 1
 1
 1
 1
 1
 1
 1
 1
R 1
 1
 1
 1
 1
 1
 1
 1
 1
 1
 1
 1
 1
޷ 1
 1
 1
 1
ݴ 1
 1
 1
 1
 1
پ 1
 1
 1
 1
 1
 1
 1
 1
t 1
ػ 1
 1
 1
 1
 1
 1
 1
 1
 1
 1
 1
 1
 1
 1
 1
 1
 1
m 1
 1
 1
 1
 1
 1
 1
 1
ܭ 1
 1
p 1
Ǥ 1
 1
 1
 1
 1
 1
 1
 1
 1
 1
K 1
 1
ٰ 1
۱ 1
 1
 1
 1
 1
ް 1
D 1
 1
 1
 1
ߥ 1
߼ 1
 1
 1
 1
 1
 1
 1
 1
 1
 1
 1
J 1
 1
 1
 1
 1
 1
 1
 1
 1
 1
y 1
ޡ 1
 1
 1
 1
 1
 1
 1
 1
 1
 1
 1
 1
 1
 1
 1
 1
 1
 1
 1
 1
 1
ۢ 1
 1
 1
 1
 1
ݭ 1
 1
X 1
 1
 1
 1
 1
 1
 1
 1
 1
^ 1
D 1
 1
 1
 1
 1
_ 1
ܯ 1
 1
[ 1
ܦ 1
 1
 1
 1
 1
 1
 1
 1
 1
 1
\ 1
 1
 1
۴ 1
߿ 1
 1
 1
 1
 1
 1
 1
 1
 1
 1
 1
ܫ 1
 1
] 1
۹ 1
 1
 1
 1
 1
 1
 1
 1
 1
 1
 1
 1
 1
 1
 1
 1
ǥ 1
ܻ 1
 1
 1
 1
 1
 1
 1
 1
 1
Ո 1
 1
 1
 1
 1
 1
 1
 1
 1
 1
 1
 1
M 1
 1
 1
 1
 1
 1
 1
 1
 1
 1
 1
z 1
 1
 1
 1
ޤ 1
 1
 1
 1
 1
 1
 1
 1
 1
 1
 1
 1
 1
 1
 1
 1
 1
 1
 1
 1
 1
m 1
ݳ 1
 1
 1
 1
 1
 1
L 1
 1
 1
 1
 1
 1
 1
 1
 1
 1
 1
y 1
 1
 1
 1
 1
 1
 1
 1
 1
 1
i 1
 1
 1
 1
 1
 1
 1
 1
 1
 1
 1
q 1
 1
 1
 1
 1
x 1
x 1
s 1
ݿ 1
 1
 1
 1
 1
 1
 1
 1
ܛ 1
 1
 1
޶ 1
 1
 1
 1
 1
 1
 1
 1
 1
 1
 1
 1
 1
S 1
 1
 1
 1
 1
T 1
 1
 1
 1
e 1
 1
 1
 1
 1
 1
 1
 1
 1
 1
 1
 1
޻ 1
 1
 1
 1
 1
 1
 1
 1
 1
 1
 1
_ 1
 1
B 1
 1
Q 1
 1
 1
 1
 1
 1
 1
 1
 1
 1
 1
@ 1
 1
B 1
 1
 1
 1
 1
 1
 1
 1
 1
 1
 1
 1
 1
 1
 1
 1
x 1
l 1
 1
ۉ 1
 1
 1
ݩ 1
 1
 1
 1
 1
 1
x 1
_ 1
 1
 1
 1
 1
 1
 1
 1
 1
 1
 1
} 1
{ 1
 1
r 1
 1
 1
 1
 1
 1
 1
 1
t 1
ؕ 1
 1
] 1
 1
 1
 1
 1
 1
ݪ 1
 1
 1
 1
ٷ 1
 1
 1
 1
 1
 1
 1
 1
 1
 1
 1
 1
 1
 1
 1
 1
k 1
ݹ 1
 1
 1
 1
 1
 1
 1
 1
 1
~ 1
Û 1
z 1
۸ 1
 1
 1
 1
 1
 1
 1
 1
 1
޾ 1
 1
 1
 1
A 1
 1
 1
 1
 1
q 1
 1
޳ 1
 1
 1
 1
 1
 1
 1
Y 1
 1
Ԓ 1
s 1
 1
F 1
٨ 1
 1
 1
 1
 1
 1
 1
 1
` 1
 1
 1
 1
 1
 1
 1
 1
 1
 1
 1
۬ 1
 1
 1
 1
ި 1
߷ 1
 1
 1
 1
 1
 1
 1
 1
 1
 1
 1
 1
A 1
P 1
 1
Ӌ 1
Z 1
^ 1
F 1
 1
߹ 1
 1
 1
 1
 1
 1
 1
 1
 1
 1
 1
 1
 1
 1
 1
 1
đ 1
ؐ 1
 1
 1
 1
 1
٦ 1
 1
 1
 1
f 1
C 1
y 1
 1
 1
 1
 1
 1
 1
 1
 1
h 1
j 1
o 1
 1
S 1
 1
ݲ 1
 1
 1
 1
 1
 1
 1
\ 1
 1
޸ 1
 1
 1
 1
 1
 1
 1
m 1
x 1
 1
 1
 1
 1
 1
 1
 1
 1
 1
 1
 1
 1
 1
 1
x 1
Ӗ 1
٧ 1
ݽ 1
 1
 1
 1
 1
 1
 1
 1
 1
` 1
Ҏ 1
Y 1
 1
 1
 1
 1
 1
 1
 1
o 1
 1
 1
 1
 1
R 1
h 1
G 1
 1
 1
 1
 1
 1
^ 1
ʕ 1
 1
 1
 1
 1
 1
 1
 1
 1
 1
I 1
[ 1
׌ 1
\ 1
 1
 1
 1
 1
 1
 1
ܨ 1
 1
 1
 1
 1
 1
u 1
 1
v 1
l 1
O 1
ԇ 1
 1
 1
Z 1
k 1
 1
 1
a 1
 1
 1
 1
 1
 1
 1
 1
 1
K 1
 1
z 1
 1
 1
 1
 1
H 1
 1
 1
 1
 1
 1
 1
 1
 1
 1
 1
 1
 1
ɂ 1
؝ 1
 1
^ 1
Ó 1
d 1
 1
 1
 1
 1
 1
 1
 1
 1
 1
 1
܇ 1
 1
s 1
@ 1
 1
d 1
ݢ 1
ަ 1
 1
 1
 1
 1
 1
 1
 1
 1
 1
 1
 1
 1
 1
 1
ۭ 1
^ 1
 1
 1
P 1
B 1
 1
A 1
 1
i 1
 1
 1
 1
 1
 1
 1
 1
ƅ 1
 1
 1
 1
_ 1
ӛ 1
S 1
e 1
K 1
 1
 1
 1
 1
 1
ߤ 1
 1
 1
 1
ޒ 1
 1
 1
 1
 1
 1
 1
 1
 1
ē 1
~ 1
U 1
p 1
N 1
ߓ 1
ߞ 1
 1
 1
 1
 1
o 1
 1
 1
˅ 1
٫ 1
ޮ 1
 1
 1
 1
 1
 1
N 1
w 1
̝ 1
߅ 1
 1
 1
ܧ 1
ݾ 1
 1
 1
 1
 1
J 1
 1
 1
L 1
 1
 1
 1
 1
 1
A 1
ӑ 1
 1
N 1
 1
 1
z 1
 1
 1
 1
̪ 1
^ 1
 1
 1
 1
u 1
 1
 1
 1
 1
 1
M 1
w 1
u 1
d 1
L 1
 1
m 1
 1
 1
 1
@ 1
 1
 1
S 1
 1
 1
 1
 1
 1
 1
e 1
Ñ 1
Q 1
 1
 1
 1
V 1
Y 1
K 1
 1
 1
 1
˜ 1
؟ 1
r 1
 1
g 1
 1
 1
 1
 1
 1
 1
 1
 1
 1
O 1
 1
{ 1
Ԕ 1
H 1
ч 1
 1
  1
| 1
` 1
 1
 1
 1
y 1
 1
 1
 1
 1
 1
 1
 1
ǜ 1
 1
ۯ 1
S 1
} 1
ԓ 1
F 1
q 1
w 1
 1
 1
 1
 1
 1
 1
ǆ 1
 1
ީ 1
 1
 1
 1
 1
S 1
 1
 1
x 1
N 1
d 1
u 1
d 1
Q 1
 1
c 1
 1
 1
 1
 1
 1
 1
 1
[ 1
 1
 1
 1
ܬ 1
߭ 1
 1
 1
 1
 1
 1
 1
 1
՞ 1
 1
 1
 1
 1
 1
Ě 1
ā 1
T 1
ׂ 1
 1
 1
 1
 1
 1
 1
 1
 1
 1
L 1
F 1
 1
n 1
 1
 1
 1
 1
 1
 1
 1
ő 1
؈ 1
 1
ؓ 1
 1
 1
o 1
ە 1
߫ 1
 1
 1
 1
 1
 1
Р 1
 1
 1
 1
G 1
 1
 1
 1
 1
 1
 1
| 1
ă 1
Ɲ 1
 1
S 1
 1
N 1
 1
 1
O 1
 1
 1
 1
 1
Е 1
נ 1
 1
 1
ݒ 1
 1
 1
 1
 1
u 1
K 1
Ć 1
A 1
˕ 1
 1
̖ 1
Մ 1
M 1
 1
 1
 1
e 1
 1
